"第1周" "第2周" "第3周" "第4周" "第5周" "第6周" "第7周" "第8周" "第9周"
"P.5.1" 4 5 7 7 9 10 10 NA NA
"P.5.2" 4 6 8 9 9 12 13 NA NA
"P.5.3" 3 4 6 6 6 6 6 NA NA
"P.5.4" 3 4 6 7 8 9 9 NA NA
"P.5.5" 4 5 6 7 8 8 9 NA NA
"P.5.6" 2 3 6 6 7 7 8 NA NA
"P.5.7" 5 6 8 8 8 9 9 NA NA
"P.5.8" 3 4 6 6 6 6 6 NA NA
"P.5.9" 6 7 8 9 10 13 15 NA NA
"P.5.10" 3 5 6 7 8 10 10 NA NA
"P.6.1" 6 7 8 10 38 47 51 NA NA
"P.6.2" 4 7 10 10 30 71 80 NA NA
"P.6.3" 4 4 7 7 23 29 30 NA NA
"P.6.4" 4 6 8 10 33 63 70 NA NA
"P.6.5" 5 5 5 5 6 10 17 NA NA
"P.6.6" 5 6 7 7 8 15 61 NA NA
"P.6.7" 7 7 7 10 36 51 88 NA NA
"P.6.8" 5 6 7 9 24 44 74 NA NA
"P.6.9" 5 7 8 10 22 49 73 NA NA
"P.6.10" 5 6 7 7 13 44 47 NA NA
"P.7.1" 5 6 7 8 17 33 67 NA NA
"P.7.2" 4 5 5 5 8 13 31 NA NA
"P.7.3" 3 4 6 6 7 12 30 NA NA
"P.7.4" 3 4 5 6 11 17 41 NA NA
"P.7.5" 5 6 6 6 10 15 36 NA NA
"P.7.6" 6 7 8 13 20 40 71 NA NA
"P.7.7" 4 4 6 10 18 37 71 NA NA
"P.7.8" 6 6 8 10 21 30 67 NA NA
"P.7.9" 6 8 10 14 19 55 110 NA NA
"P.7.10" 4 6 6 8 10 12 35 NA NA
"P.8.1" 5 6 6 7 19 19 19 NA NA
"P.8.2" 4 7 7 14 55 65 65 NA NA
"P.8.3" 4 6 7 9 10 10 10 NA NA
"P.8.4" 6 6 8 17 50 55 55 NA NA
"P.8.5" 7 7 9 20 63 74 74 NA NA
"P.8.6" 7 8 9 24 51 55 55 NA NA
"P.8.7" 6 7 8 30 66 79 79 NA NA
"P.8.8" 5 7 8 14 45 49 49 NA NA
"P.8.9" 7 7 7 7 8 8 8 NA NA
"P.8.10" 7 8 9 33 59 70 70 NA NA
"P.9.1" 4 5 6 7 44 92 140 NA NA
"P.9.2" 4 5 7 8 49 94 128 NA NA
"P.9.3" 4 5 7 8 43 53 53 NA NA
"P.9.4" 3 4 7 9 58 103 102 NA NA
"P.9.5" 4 5 6 8 40 91 122 NA NA
"P.9.6" 5 6 6 7 50 99 118 NA NA
"P.9.7" 4 5 6 7 89 146 146 NA NA
"P.9.8" 4 6 8 9 97 145 151 NA NA
"P.9.9" 3 4 5 6 16 39 41 NA NA
"P.9.10" 6 7 7 8 34 96 137 NA NA
"P.10.1" 6 7 7 9 10 10 32 NA NA
"P.10.2" 4 4 5 6 7 14 31 NA NA
"P.10.3" 4 5 6 7 16 44 96 NA NA
"P.10.4" 3 5 5 5 6 8 10 NA NA
"P.10.5" 6 7 7 9 9 47 47 NA NA
"P.10.6" 3 4 6 8 13 45 97 NA NA
"P.10.7" 3 4 5 5 7 11 29 NA NA
"P.10.8" 3 4 5 5 7 8 26 NA NA
"P.10.9" 3 5 5 6 10 33 77 NA NA
"P.10.10" 5 6 7 8 8 9 16 NA NA
"P.11.1" 4 5 6 7 8 32 70 NA NA
"P.11.2" 7 8 9 10 47 106 119 NA NA
"P.11.3" 5 7 8 9 10 40 91 NA NA
"P.11.4" 5 6 8 12 56 113 169 NA NA
"P.11.5" 4 5 6 7 14 45 140 NA NA
"P.11.6" 6 7 7 7 18 37 113 NA NA
"P.11.7" 6 6 7 7 15 40 111 NA NA
"P.11.8" 6 7 8 9 28 36 126 NA NA
"P.11.9" 6 7 7 8 9 10 48 NA NA
"P.11.10" 5 6 7 8 9 21 72 NA NA
"P.12.1" 6 7 9 9 14 40 67 NA NA
"P.12.2" 6 6 7 7 15 49 106 NA NA
"P.12.3" 4 6 6 8 9 23 83 NA NA
"P.12.4" 5 6 7 8 39 61 152 NA NA
"P.12.5" 5 6 8 8 18 50 103 NA NA
"P.12.6" 6 7 7 8 24 52 75 NA NA
"P.12.7" 6 6 7 7 39 60 58 NA NA
"P.12.8" 5 6 6 7 27 64 90 NA NA
"P.12.9" 7 8 9 9 50 59 59 NA NA
"P.12.10" 6 6 7 9 104 128 138 NA NA
"P.13.1" 6 7 8 10 108 172 197 NA NA
"P.13.2" 7 8 9 10 112 127 127 NA NA
"P.13.3" 7 9 10 11 79 118 135 NA NA
"P.13.4" 6 8 8 10 78 120 123 NA NA
"P.13.5" 6 9 10 12 109 119 119 NA NA
"P.13.6" 6 7 7 9 12 14 42 NA NA
"P.13.7" 7 8 9 9 15 37 117 NA NA
"P.13.8" 8 9 10 10 76 148 206 NA NA
"P.13.9" 6 7 7 8 19 46 51 NA NA
"P.13.10" 6 7 7 8 10 30 113 NA NA
"P.14.1" 4 5 6 6 23 37 46 NA NA
"P.14.2" 4 5 5 5 26 32 36 NA NA
"P.14.3" 5 5 7 20 35 39 90 NA NA
"P.14.4" 4 5 5 6 8 10 30 NA NA
"P.14.5" 6 7 8 14 50 66 84 NA NA
"P.14.6" 4 6 6 12 15 31 47 NA NA
"P.14.7" 7 8 9 32 110 157 160 NA NA
"P.14.8" 6 8 10 50 81 90 96 NA NA
"P.14.9" 6 7 8 19 100 126 130 NA NA
"P.14.10" 5 6 6 6 12 23 23 NA NA
"P.15.1" 3 4 6 9 17 45 46 NA NA
"P.15.2" 4 5 7 10 22 83 83 NA NA
"P.15.3" 5 7 8 27 76 94 94 NA NA
"P.15.4" 4 4 6 12 39 43 47 NA NA
"P.15.5" 4 4 6 18 70 76 76 NA NA
"P.15.6" 4 5 7 12 27 30 30 NA NA
"P.15.7" 5 5 7 9 25 79 79 NA NA
"P.15.8" 4 5 7 14 60 64 64 NA NA
"P.15.9" 7 7 12 57 105 111 113 NA NA
"P.15.10" 8 8 11 13 36 40 40 NA NA
"P.16.1" 2 3 5 6 7 7 7 NA NA
"P.16.2" 4 5 6 7 8 19 72 NA NA
"P.16.3" 4 5 6 6 11 48 140 NA NA
"P.16.4" 3 4 6 7 7 7 7 NA NA
"P.16.5" 6 7 9 11 15 53 169 NA NA
"P.16.6" 2 6 8 8 32 65 89 NA NA
"P.16.7" 4 5 7 8 11 26 97 NA NA
"P.16.8" 5 6 7 11 15 55 152 NA NA
"P.16.9" 4 5 6 7 11 11 16 NA NA
"P.16.10" 5 6 7 8 23 79 103 NA NA
"P.17.1" 5 6 7 8 9 9 9 NA NA
"P.17.2" 4 5 6 7 8 8 34 NA NA
"P.17.3" 6 6 6 9 9 9 9 NA NA
"P.17.4" 6 7 7 8 8 8 8 NA NA
"P.17.5" 6 7 7 7 7 7 8 NA NA
"P.17.6" 5 7 8 8 9 9 9 NA NA
"P.17.7" 5 6 6 7 7 7 7 NA NA
"P.17.8" 5 6 6 7 7 7 7 NA NA
"P.17.9" 4 7 8 9 9 10 10 NA NA
"P.17.10" 6 7 8 9 9 9 9 NA NA
"P.18.1" 5 7 8 9 9 9 9 NA NA
"P.18.2" 4 5 6 7 8 8 34 NA NA
"P.18.3" 6 6 6 9 9 9 9 NA NA
"P.18.4" 6 7 7 8 8 8 8 NA NA
"P.18.5" 6 7 7 7 7 8 8 NA NA
"P.18.6" 5 7 8 8 9 9 9 NA NA
"P.18.7" 5 6 6 7 7 7 7 NA NA
"P.18.8" 4 6 6 7 7 7 7 NA NA
"P.18.9" 4 7 8 9 9 10 10 NA NA
"P.18.10" 6 7 8 9 9 9 9 NA NA
"P.19.1" 6 8 9 10 61 74 75 NA NA
"P.19.2" 6 8 11 11 66 92 91 NA NA
"P.19.3" 6 8 8 10 57 104 112 NA NA
"P.19.4" 6 7 8 8 19 69 114 NA NA
"P.19.5" 7 8 10 11 76 79 78 NA NA
"P.19.6" 7 8 9 9 11 26 68 NA NA
"P.19.7" 8 8 8 8 11 12 36 NA NA
"P.19.8" 8 8 8 7 8 15 45 NA NA
"P.19.9" 8 10 11 30 110 123 123 NA NA
"P.19.10" 6 7 7 10 11 22 66 NA NA
"P.20.1" 8 9 10 61 135 166 166 NA NA
"P.20.2" 5 7 8 9 62 99 99 NA NA
"P.20.3" 4 5 6 9 44 74 79 NA NA
"P.20.4" 7 8 9 52 142 178 178 NA NA
"P.20.5" 5 6 7 7 44 61 65 NA NA
"P.20.6" 5 7 7 7 26 38 37 NA NA
"P.20.7" 6 7 8 8 9 24 46 NA NA
"P.20.8" 7 7 8 17 70 100 101 NA NA
"P.20.9" 7 8 9 9 76 113 145 NA NA
"P.20.10" 7 7 8 9 74 113 121 NA NA
"P.23.1" 5 6 6 7 8 12 14 NA NA
"P.23.2" 7 7 8 11 42 96 115 NA NA
"P.23.3" 4 6 7 9 27 66 83 NA NA
"P.23.4" 6 7 7 8 9 15 16 NA NA
"P.23.5" 4 5 6 7 8 9 9 NA NA
"P.23.6" 7 7 7 8 45 94 100 NA NA
"P.23.7" 6 7 7 8 41 79 90 NA NA
"P.23.8" 6 7 7 7 8 9 36 NA NA
"P.23.9" 7 7 8 9 10 15 16 NA NA
"P.23.10" 9 10 11 13 20 29 32 NA NA
"P.24.1" 3 5 6 7 8 9 18 NA NA
"P.24.2" 5 6 6 9 10 18 28 NA NA
"P.24.3" 7 8 9 9 10 20 19 NA NA
"P.24.4" 5 7 8 11 12 30 27 NA NA
"P.24.5" 5 6 7 10 10 25 31 NA NA
"P.24.6" 4 6 6 6 8 25 26 NA NA
"P.24.7" 5 6 7 7 10 40 42 NA NA
"P.24.8" 6 7 8 8 9 14 26 NA NA
"P.24.9" 4 6 7 8 9 9 10 NA NA
"P.24.10" 5 6 8 9 10 25 25 NA NA
"P.31.1" 5 6 7 8 9 14 50 NA NA
"P.31.2" 5 6 7 7 8 8 29 NA NA
"P.31.3" 3 7 8 8 10 23 67 NA NA
"P.31.4" 3 4 6 9 10 23 23 NA NA
"P.31.5" 5 5 6 8 8 9 43 NA NA
"P.31.6" 4 5 7 8 9 16 30 NA NA
"P.31.7" 6 6 7 8 9 35 63 NA NA
"P.31.8" 5 7 8 8 10 58 103 NA NA
"P.31.9" 3 4 6 8 10 44 44 NA NA
"P.31.10" 3 4 6 10 13 36 93 NA NA
"P.32.1" 4 5 8 8 10 19 21 NA NA
"P.32.2" 5 6 7 7 10 29 30 NA NA
"P.32.3" 5 5 5 8 10 22 54 NA NA
"P.32.4" 6 6 7 7 9 37 74 NA NA
"P.32.5" 6 6 6 7 8 18 20 NA NA
"P.32.6" 7 7 7 8 10 30 70 NA NA
"P.32.7" 5 6 7 8 11 28 81 NA NA
"P.32.8" 6 7 8 9 10 42 109 NA NA
"P.32.9" 5 6 7 8 10 15 27 NA NA
"P.32.10" 5 7 8 9 11 27 44 NA NA
"P.33.1" 4 6 6 6 6 6 7 NA NA
"P.33.2" 3 5 5 6 6 6 7 NA NA
"P.33.3" 6 7 7 7 7 7 8 NA NA
"P.33.4" 3 5 7 7 7 8 8 NA NA
"P.33.5" 4 5 7 8 9 9 9 NA NA
"P.33.6" 6 7 7 8 8 9 9 NA NA
"P.33.7" 4 5 7 7 7 7 8 NA NA
"P.33.8" 3 6 7 8 9 9 9 NA NA
"P.33.9" 5 6 7 8 9 10 10 NA NA
"P.33.10" 2 4 7 8 8 9 10 NA NA
"P.34.1" 4 5 6 7 8 9 11 NA NA
"P.34.2" 5 5 5 6 6 6 6 NA NA
"P.34.3" 4 5 6 6 6 6 8 NA NA
"P.34.4" 4 5 7 7 8 8 8 NA NA
"P.34.5" 4 4 6 6 6 7 7 NA NA
"P.34.6" 3 3 4 4 4 4 4 NA NA
"P.34.7" 4 6 6 6 6 7 7 NA NA
"P.34.8" 5 6 5 6 6 7 7 NA NA
"P.34.9" 3 4 5 5 5 7 7 NA NA
"P.34.10" 4 5 5 5 5 7 7 NA NA
"P.35.1" 7 7 8 9 9 10 13 NA NA
"P.35.2" 6 8 9 10 10 12 12 NA NA
"P.35.3" 6 8 9 10 10 44 54 NA NA
"P.35.4" 5 6 6 8 8 58 153 NA NA
"P.35.5" 6 7 7 9 10 39 104 NA NA
"P.35.6" 6 7 7 7 8 16 56 NA NA
"P.35.7" 7 8 9 9 9 15 19 NA NA
"P.35.8" 7 7 7 8 9 45 112 NA NA
"P.35.9" 5 6 7 7 8 28 95 NA NA
"P.35.10" 6 7 7 8 10 64 146 NA NA
"P.36.1" 7 6 7 10 12 57 63 NA NA
"P.36.2" 6 6 7 8 8 9 9 NA NA
"P.36.3" 4 5 6 6 7 8 8 NA NA
"P.36.4" 4 5 7 8 8 9 9 NA NA
"P.36.5" 3 5 6 8 8 9 9 NA NA
"P.36.6" 3 4 7 8 8 9 9 NA NA
"P.36.7" 6 6 7 8 8 9 9 NA NA
"P.36.8" 6 7 7 8 9 10 10 NA NA
"P.36.9" 6 7 7 7 8 9 9 NA NA
"P.36.10" 6 6 7 7 8 9 9 NA NA
"P.37.1" 6 7 8 8 8 9 9 NA NA
"P.37.2" 6 7 8 10 16 59 160 NA NA
"P.37.3" 7 8 8 8 8 8 8 NA NA
"P.37.4" 6 7 7 8 8 8 8 NA NA
"P.37.5" 7 7 9 10 10 11 22 NA NA
"P.37.6" 5 7 7 8 9 9 18 NA NA
"P.37.7" 6 7 7 8 9 20 42 NA NA
"P.37.8" 8 8 10 10 10 11 11 NA NA
"P.37.9" 6 7 8 8 9 10 10 NA NA
"P.37.10" 7 8 9 10 24 67 197 NA NA
"P.38.1" 5 6 6 7 7 12 24 NA NA
"P.38.2" 4 5 6 6 7 7 7 NA NA
"P.38.3" 3 4 5 7 7 7 8 NA NA
"P.38.4" 3 5 5 6 6 7 7 NA NA
"P.38.5" 6 7 7 7 7 8 11 NA NA
"P.38.6" 6 7 7 7 7 18 46 NA NA
"P.38.7" 6 7 7 7 7 8 18 NA NA
"P.38.8" 6 6 6 7 8 8 16 NA NA
"P.38.9" 5 6 6 6 7 8 22 NA NA
"P.38.10" 5 6 6 7 7 8 9 NA NA
"P.41.1" 4 5 5 6 6 9 44 79 117
"P.41.2" 6 7 8 17 32 50 65 78 82
"P.41.3" 6 6 6 16 35 55 60 60 68
"P.41.4" 5 5 5 7 10 17 34 45 45
"P.41.5" 5 5 6 7 9 13 27 32 34
"P.41.6" 4 5 5 5 9 16 28 34 88
"P.41.7" 4 5 5 5 6 7 30 41 45
"P.41.8" 6 7 7 8 29 50 98 117 118
"P.41.9" 6 7 7 9 33 59 60 60 68
"P.41.10" 5 6 7 7 25 42 66 80 82
"P.42.1" 6 6 6 7 8 8 8 9 9
"P.42.2" 7 8 8 9 10 10 10 10 10
"P.42.3" 5 6 7 8 8 8 8 9 9
"P.42.4" 5 5 5 6 7 7 7 8 8
"P.42.5" 7 7 7 7 8 8 8 8 11
"P.42.6" 6 6 7 8 8 8 8 9 9
"P.42.7" 6 6 7 8 9 9 9 9 9
"P.42.8" 6 7 8 8 9 9 9 9 9
"P.42.9" 7 9 9 9 9 9 9 9 9
"P.42.10" 7 8 8 9 9 10 10 10 10
"P.43.1" 9 9 10 12 14 14 14 15 44
"P.43.2" 7 7 8 11 12 12 12 13 13
"P.43.3" 7 8 9 11 11 11 11 11 16
"P.43.4" 7 8 8 1 12 12 12 13 17
"P.43.5" 8 8 10 12 14 14 42 59 86
"P.43.6" 8 8 9 11 13 13 13 13 20
"P.43.7" 7 7 8 11 12 12 12 13 13
"P.43.8" 6 7 7 7 8 15 22 36 93
"P.43.9" 7 8 9 10 12 12 12 13 23
"P.43.10" 8 8 8 10 12 12 12 13 17
"P.44.1" 7 7 7 9 10 10 10 10 10
"P.44.2" 6 7 7 9 9 10 10 11 13
"P.44.3" 7 7 9 10 12 12 12 13 21
"P.44.4" 7 8 8 10 13 13 13 13 13
"P.44.5" 5 5 6 6 7 8 8 8 8
"P.44.6" 6 7 8 8 11 11 11 11 11
"P.44.7" 5 5 6 7 7 7 7 10 10
"P.44.8" 5 6 7 8 8 8 8 10 10
"P.44.9" 5 6 7 8 9 9 9 10 10
"P.44.10" 6 6 8 8 9 9 9 10 10
"P.45.1" 6 7 8 23 45 57 71 79 80
"P.45.2" 6 7 8 12 33 58 77 88 89
"P.45.3" 5 6 9 13 39 44 52 56 56
"P.45.4" 4 5 5 5 5 26 26 26 26
"P.45.5" 5 6 7 10 37 52 52 52 52
"P.45.6" 5 7 7 9 38 74 79 81 89
"P.45.7" 5 7 7 8 31 60 63 68 70
"P.45.8" 6 8 8 8 11 19 25 27 30
"P.45.9" 5 7 9 11 40 73 89 98 98
"P.45.10" 6 8 8 11 27 50 55 57 61
"P.46.1" 5 6 7 8 9 9 13 16 20
"P.46.2" 6 7 7 8 9 14 25 63 61
"P.46.3" 6 7 8 9 12 12 13 13 13
"P.46.4" 6 6 7 7 8 9 14 31 31
"P.46.5" 7 8 8 8 9 9 9 9 9
"P.46.6" 7 7 9 10 11 11 11 11 11
"P.46.7" 7 8 8 8 9 10 11 11 11
"P.46.8" 8 10 10 12 15 15 15 15 15
"P.46.9" 4 5 8 9 10 13 72 154 167
"P.46.10" 7 7 8 12 14 14 14 15 15
"P.47.1" 9 10 10 11 12 13 34 132 156
"P.47.2" 8 9 10 12 13 13 13 13 13
"P.47.3" 9 9 10 11 13 13 13 13 13
"P.47.4" 7 8 9 11 12 12 28 92 100
"P.47.5" 8 8 9 10 11 11 12 12 12
"P.47.6" 7 7 8 9 12 12 12 13 13
"P.47.7" 7 8 8 10 11 11 35 85 86
"P.47.8" 7 7 8 13 15 15 15 15 15
"P.47.9" 7 8 10 11 13 14 14 15 15
"P.47.10" 8 10 11 14 15 17 29 181 188
"P.48.1" 7 7 7 8 9 9 25 50 52
"P.48.2" 7 8 9 9 10 13 20 59 62
"P.48.3" 6 6 8 8 8 34 87 156 185
"P.48.4" 6 6 8 8 9 9 16 34 38
"P.48.5" 5 5 7 8 9 17 29 53 60
"P.48.6" 7 7 9 11 14 33 56 66 79
"P.48.7" 6 6 8 8 9 10 22 43 47
"P.48.8" 7 7 7 7 8 12 63 83 101
"P.48.9" 4 5 6 7 8 9 18 49 55
"P.48.10" 5 6 6 8 9 21 47 106 107
"P.49.1" 5 6 7 8 9 9 17 48 60
"P.49.2" 5 5 5 6 7 7 8 8 8
"P.49.3" 5 6 7 8 8 9 22 61 69
"P.49.4" 5 6 6 7 8 9 14 28 33
"P.49.5" 5 5 6 7 9 9 11 12 22
"P.49.6" 5 5 6 7 8 9 12 17 93
"P.49.7" 7 7 8 9 10 13 30 84 97
"P.49.8" 6 6 7 9 10 10 25 72 76
"P.49.9" 6 6 7 8 8 8 9 10 49
"P.49.10" 7 8 8 8 9 9 27 64 77
"P.50.1" 5 5 6 7 22 41 55 59 60
"P.50.2" 5 5 5 8 10 16 43 92 96
"P.50.3" 5 5 5 7 24 45 60 70 70
"P.50.4" 5 5 5 7 18 39 65 113 123
"P.50.5" 4 5 5 7 13 29 49 70 75
"P.50.6" 7 7 7 7 9 9 15 36 41
"P.50.7" 5 5 5 7 24 35 44 50 50
"P.50.8" 5 5 5 7 17 33 60 77 77
"P.50.9" 5 5 6 6 16 21 55 64 69
"P.50.10" 6 7 7 7 17 33 67 89 94
"P.51.1" 6 6 7 8 8 10 34 125 NA
"P.51.2" 6 6 7 8 8 9 12 37 NA
"P.51.3" 7 7 8 9 9 9 15 84 NA
"P.51.4" 5 5 5 7 7 10 19 33 NA
"P.51.5" 5 5 6 7 7 9 48 59 NA
"P.51.6" 6 6 9 10 11 11 29 68 NA
"P.51.7" 6 6 6 7 7 10 35 125 NA
"P.51.8" 6 7 7 8 10 10 58 71 NA
"P.51.9" 5 5 7 8 9 9 25 96 NA
"P.51.10" 5 6 8 9 9 10 100 125 NA
"P.52.1" 4 5 6 7 37 62 62 62 NA
"P.52.2" 5 5 6 6 24 44 47 56 NA
"P.52.3" 5 5 5 5 22 56 56 NA NA
"P.52.4" 4 5 5 6 14 30 63 67 NA
"P.52.5" 3 4 4 5 13 24 32 30 NA
"P.52.6" 3 4 5 5 11 18 40 52 NA
"P.52.7" 4 4 6 6 18 32 60 77 NA
"P.52.8" 5 5 6 6 15 33 35 NA NA
"P.52.9" 4 4 5 6 14 24 52 65 NA
"P.52.10" 5 6 9 9 37 48 66 70 NA
"P.53.1" 5 6 7 9 28 52 79 133 152
"P.53.2" 4 6 7 8 9 9 64 127 127
"P.53.3" 6 7 8 8 9 9 14 35 36
"P.53.4" 5 5 6 7 20 26 79 87 90
"P.53.5" 5 6 6 6 7 7 16 18 20
"P.53.6" 4 7 7 7 8 8 11 12 12
"P.53.7" 5 5 6 6 23 30 97 108 110
"P.53.8" 4 6 6 6 8 8 10 11 11
"P.53.9" 6 6 7 8 35 54 98 106 108
"P.53.10" 6 7 7 24 56 98 109 110 114
"P.54.1" 6 8 8 13 28 44 65 76 80
"P.54.2" 6 7 8 13 40 68 80 85 90
"P.54.3" 6 7 7 9 12 20 32 60 60
"P.54.4" 7 7 7 11 13 24 45 68 99
"P.54.5" 7 7 7 9 19 37 74 80 90
"P.54.6" 7 7 7 9 14 20 30 34 35
"P.54.7" 7 7 7 9 15 21 21 21 20
"P.54.8" 7 7 8 10 27 46 76 84 89
"P.54.9" 7 7 8 17 47 64 70 71 76
"P.54.10" 7 7 7 10 12 23 44 62 69
"P.55.1" 4 6 6 6 26 38 38 38 38
"P.55.2" 6 9 9 11 55 84 84 84 84
"P.55.3" 5 7 8 33 98 127 130 131 131
"P.55.4" 4 6 6 19 62 71 75 76 76
"P.55.5" 6 6 7 7 11 18 36 58 115
"P.55.6" 4 6 7 7 58 94 96 98 98
"P.55.7" 4 6 6 7 28 46 49 49 49
"P.55.8" 6 7 8 8 9 9 16 39 39
"P.55.9" 6 8 8 9 66 103 110 112 112
"P.55.10" 7 7 8 9 27 69 80 88 88
"P.56.1" 7 7 9 12 13 19 79 184 195
"P.56.2" 7 7 8 11 12 14 20 53 66
"P.56.3" 5 6 7 7 14 34 69 172 174
"P.56.4" 5 7 8 8 8 10 23 48 49
"P.56.5" 5 6 6 7 8 9 15 26 26
"P.56.6" 6 6 7 9 10 28 55 144 145
"P.56.7" 4 5 6 7 8 8 20 33 36
"P.56.8" 6 7 8 9 9 11 15 28 30
"P.56.9" 4 5 5 6 7 8 9 10 10
"P.56.10" 5 6 7 8 21 73 104 209 215
"P.57.1" 6 7 8 8 9 9 10 13 13
"P.57.2" 5 6 6 6 7 8 9 9 9
"P.57.3" 4 6 8 9 10 10 10 10 10
"P.57.4" 6 7 7 8 8 8 8 8 8
"P.57.5" 4 6 6 7 8 9 9 10 10
"P.57.6" 6 7 7 7 9 9 9 10 10
"P.57.7" 6 7 7 7 7 7 7 7 8
"P.57.8" 5 6 6 7 8 8 8 8 8
"P.57.9" 6 6 6 7 8 9 9 10 10
"P.57.10" 6 6 6 8 9 9 9 10 10
"P.58.1" 4 5 6 8 9 9 15 40 41
"P.58.2" 5 5 6 6 7 12 16 37 44
"P.58.3" 5 6 6 7 9 16 21 43 45
"P.58.4" 5 5 6 6 7 31 84 153 159
"P.58.5" 5 5 6 6 7 9 12 33 33
"P.58.6" 6 6 6 7 8 11 13 28 28
"P.58.7" 5 5 5 6 7 45 75 133 150
"P.58.8" 5 6 6 6 7 30 77 130 140
"P.58.9" 6 6 6 7 8 8 15 23 25
"P.58.10" 5 5 5 7 8 20 39 85 88
"P.61.1" 5 6 7 7 8 10 18 34 37
"P.61.2" 4 6 6 8 8 12 31 50 52
"P.61.3" 4 6 7 7 9 14 27 50 46
"P.61.4" 5 7 7 7 9 10 21 43 50
"P.61.5" 4 6 7 8 8 8 8 8 8
"P.61.6" 3 4 5 5 6 7 7 8 8
"P.61.7" 5 6 7 7 8 8 9 10 10
"P.61.8" 7 7 8 8 9 10 20 23 24
"P.61.9" 6 7 7 7 7 7 8 8 8
"P.61.10" 3 5 5 6 7 9 21 31 36
"P.62.1" 7 8 8 8 9 10 11 12 49
"P.62.2" 5 7 8 8 8 10 11 12 19
"P.62.3" 4 8 8 8 8 10 17 20 20
"P.62.4" 4 7 7 7 8 10 10 15 47
"P.62.5" 5 7 7 7 8 10 26 33 74
"P.62.6" 6 7 7 7 8 9 9 9 9
"P.62.7" 7 8 9 10 11 12 29 50 50
"P.62.8" 6 8 8 10 13 14 73 102 102
"P.62.9" 5 6 7 8 9 10 10 10 10
"P.62.10" 4 5 5 6 6 8 8 8 13
"P.63.1" 6 7 8 9 9 10 11 NA NA
"P.63.2" 5 6 6 7 7 7 7 NA NA
"P.63.3" 4 5 6 8 8 9 10 NA NA
"P.63.4" 6 8 8 12 14 14 14 NA NA
"P.63.5" 6 8 8 9 14 21 21 NA NA
"P.63.6" 3 4 5 6 6 6 6 NA NA
"P.63.7" 5 5 5 6 7 7 7 NA NA
"P.63.8" 5 5 6 7 8 8 8 NA NA
"P.63.9" 4 5 5 8 8 8 8 NA NA
"P.63.10" 6 7 8 9 9 10 10 10 NA
"P.64.1" 6 7 7 7 7 7 7 7 NA
"P.64.2" 7 7 8 8 8 8 8 8 NA
"P.64.3" 5 8 8 8 8 9 9 9 NA
"P.64.4" 5 6 6 6 6 6 6 6 NA
"P.64.5" 5 5 7 7 7 7 7 7 NA
"P.64.6" 6 6 7 8 21 25 25 25 NA
"P.64.7" 7 7 8 9 10 10 10 10 NA
"P.64.8" 6 8 9 9 9 10 10 10 NA
"P.64.9" 5 6 7 7 8 9 9 9 NA
"P.64.10" 6 7 7 8 8 8 9 9 NA
"P.65.1" 5 5 7 7 12 28 28 NA NA
"P.65.2" 5 5 6 8 16 46 50 NA NA
"P.65.3" 6 6 7 7 7 11 12 NA NA
"P.65.4" 6 7 7 8 10 19 33 NA NA
"P.65.5" 5 5 6 7 11 18 28 NA NA
"P.65.6" 5 6 7 9 24 45 64 NA NA
"P.65.7" 7 7 8 8 19 28 37 NA NA
"P.65.8" 7 7 7 8 8 9 9 NA NA
"P.65.9" 6 6 8 8 14 19 20 NA NA
"P.65.10" 5 6 7 7 12 22 23 NA NA
"P.66.1" 6 6 7 8 8 9 9 NA NA
"P.66.2" 5 6 7 8 8 10 14 NA NA
"P.66.3" 5 6 6 7 7 8 12 NA NA
"P.66.4" 6 6 6 6 8 8 10 NA NA
"P.66.5" 7 7 7 7 16 20 20 NA NA
"P.66.6" 7 8 9 11 11 11 11 NA NA
"P.66.7" 4 5 6 7 7 7 7 NA NA
"P.66.8" 7 8 9 10 17 20 21 NA NA
"P.66.9" 7 8 9 10 10 10 10 NA NA
"P.66.10" 6 7 8 10 10 10 10 NA NA
"P.67.1" 6 6 7 7 7 8 11 NA NA
"P.67.2" 6 6 8 10 10 11 11 NA NA
"P.67.3" 4 6 7 8 9 9 9 NA NA
"P.67.4" 4 6 6 8 8 9 9 NA NA
"P.67.5" 4 6 7 7 7 7 8 NA NA
"P.67.6" 7 8 8 8 8 9 10 NA NA
"P.67.7" 7 8 8 8 9 9 10 NA NA
"P.67.8" 6 7 8 9 9 9 10 NA NA
"P.67.9" 5 7 7 8 8 9 9 NA NA
"P.67.10" 5 6 7 8 8 9 9 NA NA
"P.68.1" 8 10 11 12 37 52 61 NA NA
"P.68.2" 7 8 9 9 10 13 14 NA NA
"P.68.3" 5 7 7 8 8 10 12 NA NA
"P.68.4" 4 5 6 7 8 10 12 NA NA
"P.68.5" 4 6 6 7 33 53 55 NA NA
"P.68.6" 7 8 11 12 15 39 55 NA NA
"P.68.7" 4 5 6 6 6 7 7 NA NA
"P.68.8" 6 7 7 8 8 8 8 NA NA
"P.68.9" 7 7 7 8 9 10 11 NA NA
"P.68.10" 5 7 7 8 9 9 9 NA NA
"P.69.1" 4 7 7 8 9 9 14 18 19
"P.69.2" 5 6 7 8 9 10 15 30 34
"P.69.3" 6 6 7 7 7 8 14 14 15
"P.69.4" 4 5 7 8 8 9 10 10 10
"P.69.5" 8 9 9 9 9 11 24 30 31
"P.69.6" 7 7 8 9 11 12 60 93 95
"P.69.7" 6 6 7 8 9 10 26 58 60
"P.69.8" 6 7 8 8 8 9 9 9 9
"P.69.9" 6 6 6 7 8 8 8 8 8
"P.69.10" 7 8 8 9 9 9 9 9 9
"P.70.1" 5 6 6 6 6 10 14 16 16
"P.70.2" 5 6 6 6 6 9 13 16 16
"P.70.3" 4 5 6 7 8 9 14 18 18
"P.70.4" 5 5 5 8 9 15 29 40 40
"P.70.5" 4 7 7 10 12 18 33 50 50
"P.70.6" 6 6 7 8 8 8 8 8 8
"P.70.7" 3 4 4 4 6 7 7 7 7
"P.70.8" 4 4 5 6 6 7 7 7 7
"P.70.9" 5 6 8 8 8 8 8 8 8
"P.70.10" 7 7 8 9 9 9 9 9 9
"P.71.1" 5 7 7 7 7 8 8 NA NA
"P.71.2" 4 5 6 6 6 7 7 NA NA
"P.71.3" 5 6 6 6 7 7 7 NA NA
"P.71.4" 6 6 6 7 7 7 7 NA NA
"P.71.5" 4 5 5 5 6 6 6 NA NA
"P.71.6" 5 6 6 6 6 6 6 NA NA
"P.71.7" 5 6 6 6 7 7 7 NA NA
"P.71.8" 5 5 5 7 7 7 7 NA NA
"P.71.9" 4 5 5 5 5 5 5 NA NA
"P.71.10" 7 8 9 9 9 9 9 NA NA
"P.72.1" 7 8 8 9 10 10 73 NA NA
"P.72.2" 7 9 9 9 9 10 11 NA NA
"P.72.3" 4 5 6 7 8 8 8 NA NA
"P.72.4" 6 7 7 8 9 8 8 NA NA
"P.72.5" 6 7 7 8 8 8 8 NA NA
"P.72.6" 5 6 6 6 6 6 6 NA NA
"P.72.7" 5 6 6 6 7 7 7 NA NA
"P.72.8" 5 5 5 7 7 7 7 NA NA
"P.72.9" 4 5 5 5 5 5 5 NA NA
"P.72.10" 7 8 9 9 9 9 9 NA NA
"P.73.1" 6 7 8 9 10 10 10 NA NA
"P.73.2" 5 7 7 7 7 8 8 NA NA
"P.73.3" 5 7 8 8 8 9 9 NA NA
"P.73.4" 6 8 9 9 10 11 11 NA NA
"P.73.5" 5 7 8 9 9 10 10 NA NA
"P.73.6" 6 7 7 8 9 8 8 NA NA
"P.73.7" 7 8 9 9 10 10 10 NA NA
"P.73.8" 5 7 8 8 9 9 9 NA NA
"P.73.9" 6 8 8 9 10 11 11 NA NA
"P.73.10" 5 6 8 9 10 10 10 NA NA
"P.74.1" 4 7 7 7 7 8 8 NA NA
"P.74.2" 6 7 7 9 9 10 12 NA NA
"P.74.3" 6 7 8 9 9 9 9 NA NA
"P.74.4" 6 7 8 9 12 10 10 NA NA
"P.74.5" 5 6 7 8 9 9 9 NA NA
"P.74.6" 6 7 7 8 8 8 8 NA NA
"P.74.7" 9 10 10 11 12 12 12 NA NA
"P.74.8" 7 8 8 10 11 12 12 NA NA
"P.74.9" 7 8 8 8 8 9 9 NA NA
"P.74.10" 5 7 8 8 8 10 10 NA NA
"P.75.1" 4 6 8 8 24 64 80 87 89
"P.75.2" 5 7 9 10 11 12 22 26 85
"P.75.3" 5 8 9 10 57 124 164 180 187
"P.75.4" 4 5 6 8 44 100 148 160 163
"P.75.5" 4 6 7 7 40 88 122 140 146
"P.75.6" 6 6 8 8 24 56 79 90 94
"P.75.7" 6 7 8 9 40 95 147 155 156
"P.75.8" 6 7 8 8 50 111 157 171 171
"P.75.9" 7 8 8 9 27 66 81 90 94
"P.75.10" 7 8 8 9 33 75 99 110 110
"P.76.1" 3 6 7 8 9 9 9 9 9
"P.76.2" 6 7 7 8 8 8 8 8 8
"P.76.3" 6 6 7 8 9 24 103 134 134
"P.76.4" 4 7 8 9 10 10 10 10 10
"P.76.5" 4 7 7 9 11 20 78 90 94
"P.76.6" 6 6 7 8 9 12 39 48 48
"P.76.7" 7 8 9 11 13 25 109 130 130
"P.76.8" 7 8 8 9 10 28 100 134 134
"P.76.9" 7 8 10 12 13 20 99 127 127
"P.76.10" 7 8 10 11 12 25 102 133 133
"P.79.1" 5 6 7 7 8 39 65 70 70
"P.79.2" 5 6 7 7 8 14 26 26 27
"P.79.3" 4 6 7 7 8 25 27 67 67
"P.79.4" 3 5 5 7 8 10 32 35 35
"P.79.5" 4 6 8 8 9 14 46 49 49
"P.79.6" 4 5 5 5 7 25 38 49 49
"P.79.7" 5 5 6 7 8 8 8 8 8
"P.79.8" 5 5 5 5 7 33 51 55 55
"P.79.9" 4 4 6 6 7 25 90 94 94
"P.79.10" 5 6 7 8 18 34 71 94 94
"P.80.1" 4 5 5 7 8 11 26 70 72
"P.80.2" 6 6 6 8 10 12 18 30 32
"P.80.3" 4 5 6 6 7 7 14 20 20
"P.80.4" 4 5 5 5 6 7 18 24 24
"P.80.5" 4 5 6 7 7 7 7 7 7
"P.80.6" 5 5 7 7 7 8 18 20 20
"P.80.7" 6 7 7 7 7 9 15 30 32
"P.80.8" 4 4 5 6 7 8 16 33 36
"P.80.9" 5 6 7 7 7 8 9 10 10
"P.80.10" 6 7 7 9 9 9 19 41 41
"P.81.1" 7 9 10 11 13 31 118 125 NA
"P.81.2" 6 7 9 9 20 20 20 20 NA
"P.81.3" 6 6 7 8 20 20 20 20 NA
"P.81.4" 6 6 6 7 7 8 8 8 NA
"P.81.5" 5 6 7 8 9 9 9 14 NA
"P.81.6" 6 7 7 8 11 11 19 19 NA
"P.81.7" 7 7 8 8 12 13 71 122 NA
"P.81.8" 6 6 7 8 9 9 9 9 NA
"P.81.9" 7 8 8 9 10 11 36 55 NA
"P.81.10" 8 8 9 11 13 17 76 81 NA
"P.82.1" 8 9 9 10 11 20 109 112 NA
"P.82.2" 7 8 9 9 10 19 107 154 NA
"P.82.3" 9 10 11 12 18 40 237 282 NA
"P.82.4" 7 7 7 7 9 21 100 118 NA
"P.82.5" 8 8 8 8 11 19 88 100 NA
"P.82.6" 7 7 8 9 11 32 201 249 NA
"P.82.7" 6 6 7 8 12 16 68 173 NA
"P.82.8" 6 7 8 8 11 26 125 130 NA
"P.82.9" 7 7 8 8 10 49 186 268 NA
"P.82.10" 8 9 9 10 11 38 109 130 NA
"P.83.1" 9 11 13 15 17 17 101 184 NA
"P.83.2" 8 8 10 11 13 13 36 42 NA
"P.83.3" 8 9 9 10 12 12 78 155 NA
"P.83.4" 7 8 9 9 10 10 86 169 NA
"P.83.5" 7 8 8 9 10 9 43 75 NA
"P.83.6" 9 9 10 11 12 23 76 121 NA
"P.83.7" 8 9 9 13 13 26 145 213 NA
"P.83.8" 7 8 8 8 9 20 44 169 NA
"P.83.9" 10 11 12 13 15 15 164 176 NA
"P.83.10" 8 9 10 11 13 14 90 177 NA
"P.84.1" 7 9 9 10 12 22 33 33 NA
"P.84.2" 6 7 8 9 10 17 17 17 NA
"P.84.3" 6 8 9 20 45 83 97 97 NA
"P.84.4" 7 7 8 16 46 54 54 54 NA
"P.84.5" 8 10 10 43 69 79 81 85 NA
"P.84.6" 7 7 8 9 31 56 67 67 NA
"P.84.7" 7 8 8 9 24 36 76 76 NA
"P.84.8" 7 7 7 12 47 75 104 104 NA
"P.84.9" 7 7 8 8 23 36 59 59 NA
"P.84.10" 7 8 10 22 56 83 88 88 NA
"P.85.1" 6 7 8 8 8 8 9 9 NA
"P.85.2" 7 7 8 8 9 9 56 63 NA
"P.85.3" 7 8 9 9 11 13 47 58 NA
"P.85.4" 7 8 9 11 13 24 72 98 NA
"P.85.5" 7 8 9 11 14 28 79 100 NA
"P.85.6" 6 6 7 8 9 10 18 26 NA
"P.85.7" 8 8 8 9 10 27 60 112 NA
"P.85.8" 6 6 6 7 8 22 65 77 NA
"P.85.9" 7 7 7 8 9 10 45 77 NA
"P.85.10" 5 6 7 8 10 32 95 103 NA
"P.86.1" 6 7 8 8 10 10 12 12 NA
"P.86.2" 6 7 9 10 10 11 11 11 NA
"P.86.3" 7 7 8 9 12 12 12 12 NA
"P.86.4" 6 8 8 9 9 9 10 10 NA
"P.86.5" 6 6 7 8 9 10 10 10 NA
"P.86.6" 6 6 8 8 8 12 12 12 NA
"P.86.7" 6 7 8 8 11 13 13 13 NA
"P.86.8" 5 5 7 8 10 12 32 97 NA
"P.86.9" 4 6 8 9 10 11 11 11 NA
"P.86.10" 5 6 6 7 7 7 8 8 NA
"P.87.1" 7 8 9 11 12 15 15 15 NA
"P.87.2" 6 7 7 9 10 11 11 11 NA
"P.87.3" 7 8 8 10 11 12 12 12 NA
"P.87.4" 5 6 7 8 9 9 9 9 NA
"P.87.5" 5 6 7 8 9 10 10 10 NA
"P.87.6" 7 7 7 9 12 12 12 12 NA
"P.87.7" 4 5 5 9 10 12 12 12 NA
"P.87.8" 5 5 6 7 8 9 10 10 NA
"P.87.9" 6 6 7 8 9 10 11 11 NA
"P.87.10" 6 7 8 9 9 9 10 10 NA
"P.88.1" 4 5 5 7 10 29 68 67 NA
"P.88.2" 6 8 8 9 36 67 76 83 NA
"P.88.3" 6 7 8 9 12 37 46 47 NA
"P.88.4" 7 8 8 9 35 58 62 66 NA
"P.88.5" 4 5 6 7 8 9 14 55 NA
"P.88.6" 5 5 6 6 8 17 23 23 NA
"P.88.7" 6 6 7 8 20 29 29 NA NA
"P.88.8" 5 6 7 9 12 18 36 NA NA
"P.88.9" 5 6 7 9 15 19 19 NA NA
"P.88.10" 7 7 7 9 36 72 78 80 NA
"P.89.1" 9 9 10 11 47 91 169 NA NA
"P.89.2" 9 9 10 11 14 30 58 84 NA
"P.89.3" 9 11 12 36 83 89 96 96 NA
"P.89.4" 8 10 11 11 11 12 16 16 NA
"P.89.5" 8 9 10 11 33 54 67 73 NA
"P.89.6" 8 8 10 11 16 61 91 93 NA
"P.89.7" 10 11 12 41 87 142 185 192 NA
"P.89.8" 8 8 9 11 24 44 122 160 NA
"P.89.9" 8 8 10 26 64 92 165 184 NA
"P.89.10" 7 8 9 10 13 29 61 119 NA
"P.90.1" 4 5 6 6 8 9 9 9 NA
"P.90.2" 4 5 5 6 6 6 6 6 NA
"P.90.3" 5 6 7 10 12 13 13 13 NA
"P.90.4" 6 6 6 8 11 11 11 11 NA
"P.90.5" 4 6 6 7 9 10 10 10 NA
"P.90.6" 4 5 6 7 8 8 9 9 NA
"P.90.7" 4 5 5 5 5 5 6 6 NA
"P.90.8" 4 5 6 6 7 7 7 7 NA
"P.90.9" 5 5 5 6 7 24 58 58 NA
"P.90.10" 5 6 7 7 9 10 10 10 NA
"P.93.1" 6 7 8 8 9 21 74 128 NA
"P.93.2" 5 7 7 8 8 9 33 38 NA
"P.93.3" 5 6 6 8 9 16 20 21 NA
"P.93.4" 6 7 7 8 12 13 15 17 NA
"P.93.5" 5 7 7 7 7 13 46 53 NA
"P.93.6" 6 7 7 7 12 21 36 37 NA
"P.93.7" 5 6 7 7 7 13 15 41 NA
"P.93.8" 4 5 5 7 7 10 44 47 NA
"P.93.9" 5 8 8 8 9 10 30 31 NA
"P.93.10" 5 5 7 8 12 24 76 82 NA
"P.94.1" 4 5 6 8 9 9 10 10 NA
"P.94.2" 4 7 8 8 11 12 48 64 NA
"P.94.3" 5 8 8 9 10 11 20 37 NA
"P.94.4" 6 7 8 9 11 12 13 13 NA
"P.94.5" 5 6 6 7 8 9 10 10 NA
"P.94.6" 5 6 6 8 8 8 9 9 NA
"P.94.7" 7 8 9 11 12 12 15 15 NA
"P.94.8" 5 7 7 8 9 9 10 10 NA
"P.94.9" 5 6 7 7 8 9 12 12 NA
"P.94.10" 5 5 6 7 7 7 8 8 NA
"P.95.1" 8 9 9 10 11 12 13 15 NA
"P.95.2" 6 7 7 8 11 11 108 111 NA
"P.95.3" 7 8 10 11 12 12 126 136 NA
"P.95.4" 6 6 7 7 8 9 77 83 NA
"P.95.5" 7 7 8 8 10 17 76 105 NA
"P.95.6" 6 7 7 8 9 9 21 161 NA
"P.95.7" 7 7 7 8 9 9 10 73 NA
"P.95.8" 7 7 8 8 9 9 10 51 NA
"P.95.9" 8 9 10 10 11 15 140 189 NA
"P.95.10" 8 8 9 10 10 10 66 136 NA
"P.96.1" 4 6 6 7 8 11 36 39 NA
"P.96.2" 4 5 5 6 7 16 31 38 NA
"P.96.3" 5 6 6 6 7 8 12 31 NA
"P.96.4" 5 6 6 6 7 7 7 7 NA
"P.96.5" 5 5 5 6 8 8 9 NA NA
"P.96.6" 4 5 5 6 6 6 29 104 NA
"P.96.7" 5 5 5 6 7 7 8 NA NA
"P.96.8" 4 5 6 6 6 13 28 36 NA
"P.96.9" 5 5 5 6 7 8 17 NA NA
"P.96.10" 6 6 6 7 8 9 15 NA NA
"P.97.1" 7 9 10 12 18 73 231 235 NA
"P.97.2" 6 7 7 9 10 43 182 194 NA
"P.97.3" 8 9 12 12 28 89 243 271 NA
"P.97.4" 5 5 6 6 6 6 6 6 NA
"P.97.5" 7 8 9 10 12 12 174 183 NA
"P.97.6" 7 8 8 8 9 52 140 155 NA
"P.97.7" 7 8 8 8 9 20 20 20 NA
"P.97.8" 8 9 10 12 25 87 202 236 NA
"P.97.9" 7 8 8 9 9 10 17 44 NA
"P.97.10" 8 9 10 12 13 46 177 232 NA
"P.98.1" 4 5 5 5 6 7 10 14 NA
"P.98.2" 6 8 10 11 12 22 196 200 NA
"P.98.3" 4 5 7 7 8 16 21 22 NA
"P.98.4" 5 5 7 8 8 9 9 9 NA
"P.98.5" 5 5 5 7 8 8 8 8 NA
"P.98.6" 3 3 4 4 4 4 4 4 NA
"P.98.7" 4 5 6 6 7 8 9 9 NA
"P.98.8" 4 5 6 6 14 18 18 18 NA
"P.98.9" 4 5 5 6 8 16 30 32 NA
"P.98.10" 5 6 7 9 11 11 16 20 NA
"P.99.1" 7 8 8 10 10 27 34 34 NA
"P.99.2" 7 9 9 10 10 25 36 36 NA
"P.99.3" 6 7 8 8 12 13 13 13 NA
"P.99.4" 4 5 6 6 10 25 25 25 NA
"P.99.5" 5 6 7 8 28 31 40 40 NA
"P.99.6" 6 7 8 9 13 19 29 29 NA
"P.99.7" 7 8 9 11 22 29 33 33 NA
"P.99.8" 6 8 8 9 18 24 24 24 NA
"P.99.9" 5 6 7 8 10 12 20 20 NA
"P.99.10" 5 7 8 9 17 34 58 59 NA
"P.100.1" 7 7 8 8 17 29 64 68 NA
"P.100.2" 7 7 8 8 10 14 56 56 NA
"P.100.3" 5 7 8 8 14 14 14 14 NA
"P.100.4" 6 8 8 9 10 13 27 55 NA
"P.100.5" 6 6 7 9 12 14 26 26 NA
"P.100.6" 6 7 8 9 11 11 12 14 NA
"P.100.7" 6 9 9 10 12 12 60 65 NA
"P.100.8" 7 9 9 10 10 35 81 81 NA
"P.100.9" 6 8 8 8 8 14 78 86 NA
"P.100.10" 7 8 8 8 10 10 59 59 NA
"P.101.1" 6 6 7 8 8 9 9 NA NA
"P.101.2" 6 8 9 12 12 12 65 NA NA
"P.101.3" 5 7 7 8 8 8 8 NA NA
"P.101.4" 4 7 8 9 9 10 10 NA NA
"P.101.5" 6 7 8 9 9 10 10 NA NA
"P.101.6" 4 7 7 7 7 8 8 NA NA
"P.101.7" 5 7 8 8 8 9 9 NA NA
"P.101.8" 5 6 7 7 7 8 9 NA NA
"P.101.9" 3 5 7 7 7 8 8 NA NA
"P.101.10" 3 4 6 7 7 8 8 NA NA
"P.102.1" 4 6 6 13 47 102 112 NA NA
"P.102.2" 6 7 8 8 10 23 30 NA NA
"P.102.3" 6 7 8 9 12 41 55 NA NA
"P.102.4" 2 4 6 6 9 29 32 NA NA
"P.102.5" 5 6 9 30 78 141 151 NA NA
"P.102.6" 4 7 7 13 37 110 123 NA NA
"P.102.7" 4 6 10 15 54 116 120 NA NA
"P.102.8" 7 7 8 13 44 111 128 NA NA
"P.102.9" 7 7 9 9 27 34 48 NA NA
"P.102.10" 7 8 8 9 10 40 49 NA NA
"P.103.1" 5 6 7 8 9 10 10 NA NA
"P.103.2" 6 7 9 9 16 37 37 NA NA
"P.103.3" 3 4 7 7 7 7 7 NA NA
"P.103.4" 4 7 9 10 11 12 12 NA NA
"P.103.5" 4 6 7 9 10 13 13 NA NA
"P.103.6" 5 6 8 8 9 11 11 NA NA
"P.103.7" 6 6 7 7 8 8 8 NA NA
"P.103.8" 5 6 7 7 8 8 8 NA NA
"P.103.9" 6 7 9 10 10 10 10 NA NA
"P.103.10" 7 7 8 8 8 9 9 NA NA
"P.104.1" 6 7 9 9 16 49 83 NA NA
"P.104.2" 3 5 7 8 12 38 40 NA NA
"P.104.3" 2 4 7 7 8 8 8 NA NA
"P.104.4" 4 6 7 8 14 30 40 NA NA
"P.104.5" 3 6 7 9 13 37 40 NA NA
"P.104.6" 4 6 8 9 22 91 100 NA NA
"P.104.7" 7 8 9 10 12 20 37 NA NA
"P.104.8" 8 8 9 9 14 30 37 NA NA
"P.104.9" 5 5 6 7 13 30 53 NA NA
"P.104.10" 6 6 7 8 9 10 18 NA NA
"P.105.1" 5 6 8 8 8 9 9 NA NA
"P.105.2" 6 7 8 10 11 12 13 NA NA
"P.105.3" 4 5 7 7 8 8 8 NA NA
"P.105.4" 6 6 7 11 12 13 3 NA NA
"P.105.5" 7 7 7 9 9 9 9 NA NA
"P.105.6" 6 7 8 8 9 10 10 NA NA
"P.105.7" 6 6 8 9 9 9 9 NA NA
"P.105.8" 7 7 7 8 8 8 8 NA NA
"P.105.9" 6 7 8 9 9 9 9 NA NA
"P.105.10" 6 7 7 8 8 9 9 NA NA
"P.106.1" 5 5 7 7 7 7 7 NA NA
"P.106.2" 4 5 7 7 7 7 7 NA NA
"P.106.3" 5 6 8 10 11 11 11 NA NA
"P.106.4" 4 6 8 8 9 9 9 NA NA
"P.106.5" 6 6 9 10 11 11 11 NA NA
"P.106.6" 3 5 7 9 10 10 12 NA NA
"P.106.7" 5 6 7 7 7 8 8 NA NA
"P.106.8" 4 6 8 9 10 10 10 NA NA
"P.106.9" 6 7 8 8 8 8 8 NA NA
"P.106.10" 7 8 11 13 14 14 14 NA NA
"P.107.1" 8 9 11 14 14 14 14 NA NA
"P.107.2" 5 7 8 8 8 8 8 NA NA
"P.107.3" 5 6 8 10 10 10 10 NA NA
"P.107.4" 4 6 7 9 9 15 18 NA NA
"P.107.5" 5 6 8 9 9 9 9 NA NA
"P.107.6" 5 6 7 9 9 10 10 NA NA
"P.107.7" 6 7 7 7 8 9 9 NA NA
"P.107.8" 4 6 8 8 8 8 8 NA NA
"P.107.9" 6 7 8 9 10 10 10 NA NA
"P.107.10" 5 6 8 8 9 11 11 NA NA
"P.108.1" 6 7 8 8 12 26 95 NA NA
"P.108.2" 4 5 6 6 14 33 41 NA NA
"P.108.3" 4 6 8 8 17 35 40 NA NA
"P.108.4" 5 7 7 8 13 27 80 NA NA
"P.108.5" 5 7 8 9 12 25 72 NA NA
"P.108.6" 6 7 7 8 9 16 20 NA NA
"P.108.7" 5 7 8 8 10 22 29 NA NA
"P.108.8" 6 7 8 8 11 21 76 NA NA
"P.108.9" 8 8 8 9 10 11 15 NA NA
"P.108.10" 6 6 9 9 15 35 120 NA NA
"P.109.1" 4 6 8 9 39 89 92 NA NA
"P.109.2" 4 5 8 12 43 108 121 NA NA
"P.109.3" 3 5 7 19 33 75 94 NA NA
"P.109.4" 5 5 6 10 25 66 72 NA NA
"P.109.5" 4 5 7 7 12 34 59 NA NA
"P.109.6" 5 6 7 23 49 65 71 NA NA
"P.109.7" 3 5 7 28 45 57 63 NA NA
"P.109.8" 3 4 7 30 66 144 157 NA NA
"P.109.9" 5 5 7 21 34 40 45 NA NA
"P.109.10" 3 5 6 9 21 42 43 NA NA
"P.110.1" 5 7 9 9 14 22 63 NA NA
"P.110.2" 4 5 6 6 16 28 46 NA NA
"P.110.3" 7 8 9 12 57 72 84 NA NA
"P.110.4" 5 7 9 17 88 124 138 NA NA
"P.110.5" 5 6 8 9 67 83 92 NA NA
"P.110.6" 5 6 7 20 77 115 134 NA NA
"P.110.7" 5 7 10 27 89 170 188 NA NA
"P.110.8" 6 7 9 10 14 43 58 NA NA
"P.110.9" 5 7 9 11 54 74 136 NA NA
"P.110.10" 5 6 8 10 71 119 192 NA NA
"P.111.1" 5 7 7 7 7 7 7 NA NA
"P.111.2" 7 8 8 8 8 8 8 NA NA
"P.111.3" 4 6 7 8 9 9 9 NA NA
"P.111.4" 6 6 8 9 10 10 10 NA NA
"P.111.5" 6 6 9 9 10 10 10 NA NA
"P.111.6" 7 7 8 9 10 10 10 NA NA
"P.111.7" 3 4 7 7 9 10 10 NA NA
"P.111.8" 5 6 7 8 9 10 10 NA NA
"P.111.9" 3 5 7 7 9 10 10 NA NA
"P.111.10" 7 7 10 10 11 11 11 NA NA
"P.112.1" 3 5 6 6 7 7 12 NA NA
"P.112.2" 5 5 7 7 8 8 8 NA NA
"P.112.3" 4 5 6 7 8 8 16 NA NA
"P.112.4" 5 5 6 6 7 8 8 NA NA
"P.112.5" 4 4 6 6 8 27 40 NA NA
"P.112.6" 5 5 7 7 8 8 8 NA NA
"P.112.7" 5 7 8 8 8 8 22 NA NA
"P.112.8" 7 8 9 9 9 9 15 NA NA
"P.112.9" 5 8 9 9 10 10 30 NA NA
"P.112.10" 6 7 8 9 10 10 10 NA NA
"P.115.1" 3 6 8 14 26 68 71 NA NA
"P.115.2" 3 5 8 9 17 37 93 NA NA
"P.115.3" 4 6 8 8 10 16 37 NA NA
"P.115.4" 4 5 7 8 10 19 55 NA NA
"P.115.5" 3 4 5 16 42 88 101 NA NA
"P.115.6" 3 5 6 13 21 38 80 NA NA
"P.115.7" 6 8 10 13 42 54 56 NA NA
"P.115.8" 3 4 8 10 45 78 82 NA NA
"P.115.9" 6 7 8 11 14 25 26 NA NA
"P.115.10" 4 7 9 10 16 23 26 NA NA
"P.116.1" 6 7 10 12 20 33 57 NA NA
"P.116.2" 6 6 10 13 13 13 14 NA NA
"P.116.3" 7 8 9 11 37 52 62 NA NA
"P.116.4" 5 6 7 8 10 21 26 NA NA
"P.116.5" 6 7 9 9 9 10 10 NA NA
"P.116.6" 5 6 7 8 19 25 26 NA NA
"P.116.7" 4 6 7 8 19 55 83 NA NA
"P.116.8" 7 8 9 9 9 12 16 NA NA
"P.116.9" 7 8 9 10 10 10 10 NA NA
"P.116.10" 6 8 9 9 9 9 9 NA NA
